1 15
1 498
1 692
3 178
3 571
3 945
4 966
5 65
5 410
6 444
6 887
8 81
8 515
9 70
9 271
10 573
10 776
12 307
12 907
15 85
15 601
16 190
16 610
17 50
17 714
17 842
19 162
20 201
21 62
21 204
21 340
21 393
22 418
22 965
25 563
27 412
27 635
28 300
28 390
28 833
28 852
30 66
30 118
32 50
33 721
35 174
35 380
37 212
39 772
40 419
40 663
41 51
41 341
41 590
42 751
43 824
44 384
45 570
45 822
46 265
46 297
47 105
47 757
48 881
49 980
51 418
52 897
52 995
53 146
53 198
53 296
54 214
55 778
56 763
58 244
58 635
62 454
63 769
66 681
68 179
69 595
72 765
74 755
75 838
76 889
77 243
78 191
79 533
80 339
81 664
83 323
85 547
86 205
87 518
87 694
88 488
90 816
91 674
92 415
93 404
94 139
96 416
96 505
97 105
97 193
97 224
98 118
98 625
98 948
99 802
99 817
99 925
100 852
101 102
102 216
104 218
105 218
105 267
106 125
106 581
107 734
108 332
108 520
108 641
109 584
109 805
110 117
114 202
114 663
114 752
116 363
116 449
116 839
117 538
117 635
117 965
118 305
119 991
120 411
120 871
121 413
122 830
123 142
124 595
124 730
125 512
125 538
126 781
128 793
128 980
130 693
130 962
131 378
133 295
133 726
135 765
139 747
140 488
140 899
141 410
143 514
143 796
144 844
148 874
149 417
149 974
152 405
152 639
155 297
155 431
155 647
156 449
157 661
158 346
158 582
159 287
159 687
160 251
160 350
163 289
163 495
163 758
167 432
169 966
170 619
172 377
172 394
172 982
176 248
177 391
178 205
180 989
183 674
185 556
187 370
194 315
195 261
195 631
197 254
201 863
202 359
202 696
203 890
204 271
204 566
204 702
206 919
208 940
209 215
209 304
209 671
209 833
209 893
212 854
213 318
213 644
214 337
215 225
217 246
219 471
219 833
219 968
222 345
225 432
225 926
228 683
235 759
236 480
236 917
237 516
238 764
239 856
240 604
240 770
243 923
246 773
246 880
248 787
251 473
251 580
256 429
256 938
256 971
257 457
258 751
258 876
261 949
262 366
262 586
262 767
262 833
265 604
266 739
269 656
271 487
272 750
273 773
276 834
278 315
278 433
279 671
280 340
280 687
281 897
282 993
283 942
284 624
284 900
285 356
286 306
287 492
289 978
290 683
291 371
294 662
295 332
297 581
299 401
299 954
301 916
305 786
307 715
310 388
312 395
312 919
316 364
316 557
316 654
317 488
318 741
319 491
324 850
328 539
328 772
329 723
331 577
333 559
334 440
334 918
335 431
341 613
341 992
342 575
343 749
345 362
345 695
347 804
351 777
354 872
355 494
359 535
360 731
361 687
366 721
367 919
367 949
368 821
371 679
372 738
377 697
378 627
380 699
380 850
380 975
382 457
382 697
383 870
387 513
389 794
389 925
389 996
390 546
397 813
402 875
407 548
407 792
408 896
410 419
412 556
412 578
412 655
412 870
417 662
418 958
419 823
420 771
423 759
427 992
428 486
429 568
431 742
432 996
433 724
436 497
438 634
438 898
441 721
441 898
442 963
447 727
447 730
447 974
448 500
449 592
449 658
452 603
454 673
454 876
455 518
456 695
456 827
458 691
462 565
462 774
464 685
464 767
465 892
473 906
474 757
475 946
478 608
478 775
483 622
484 939
497 814
499 565
500 796
503 514
507 780
508 796
510 666
511 704
514 563
514 913
518 655
518 663
520 720
528 582
529 874
530 660
532 563
532 913
537 656
543 935
547 875
550 971
551 762
554 822
557 719
558 697
558 709
558 853
558 874
559 646
564 850
565 746
566 603
573 930
574 612
576 634
576 769
576 937
581 747
581 944
582 912
584 852
584 963
588 820
589 980
595 598
595 638
595 915
595 920
596 808
605 924
607 609
607 843
607 861
613 622
613 805
622 988
624 638
625 910
626 663
628 630
633 682
635 757
635 959
636 812
638 648
642 654
643 878
645 717
646 998
648 673
649 803
651 874
660 690
662 853
668 773
674 933
675 855
677 844
677 932
677 946
678 899
686 932
689 703
689 714
689 903
696 898
696 963
708 932
709 934
723 798
723 853
728 1000
731 840
732 949
738 763
747 834
750 851
757 853
759 814
760 818
762 907
767 957
769 810
770 874
772 881
775 880
778 820
783 925
787 975
788 884
794 919
794 967
796 935
797 994
804 964
809 810
828 867
832 961
839 986
844 933
859 981
876 968
891 906
900 954
902 958
904 956
908 934
918 979
941 997
952 993
